13 0.66969609375 0.0911208328125 0.67591875 0.4054666671875 0.732371875 0.40256944375000003 0.71814453125 0.094277778125 0.66969609375 0.0911208328125
0 0.62265625 0.61484375 0.07109375 0.12109375
1 0.2453125 0.74921875 0.08046875 0.1265625
6 0.24921875 0.2421875 0.05859375 0.31328125
16 0.3109375 0.22109375 0.0765625 0.365625
8 0.38203125 0.24609375 0.06171875 0.3109375
9 0.446875 0.246875 0.06015625 0.3140625
10 0.51171875 0.24765625 0.05703125 0.31484375
11 0.57421875 0.246875 0.05859375 0.309375
12 0.6375 0.24609375 0.05859375 0.309375
13 0.70078125 0.2484375 0.0625 0.3140625
14 0.76171875 0.24921875 0.06796875 0.30859375