6 0.21595625 0.10023750000000001 0.20880703125000002 0.41401527812500005 0.26822890625 0.409425 0.273153125 0.0982166671875 0.21595625 0.10023750000000001
7 0.28148125 0.0987986109375 0.27433203125 0.41257638906249994 0.33375390625 0.40798750000000006 0.338678125 0.096777778125 0.28148125 0.0987986109375
8 0.34579296875 0.09951805625 0.33864375 0.41329583281250004 0.398065625 0.40870694375000005 0.40298984375 0.097497221875 0.34579296875 0.09951805625
9 0.410509375 0.10167638906250001 0.40503203125000004 0.41353611093750003 0.46489453125 0.41029861093750003 0.46770625 0.09965555625 0.410509375 0.10167638906250001
10 0.47603437499999995 0.10023750000000001 0.47271875 0.101265278125 0.47055703125 0.41209722187500003 0.53041953125 0.408859721875 0.5279296875 0.10054722187500001 0.47603437499999995 0.10023750000000001
12 0.6124273437500001 0.1008763890625 0.602921875 0.10195555625 0.59816953125 0.4117375 0.65803203125 0.40850138906250005 0.65367109375 0.10107638906250001 0.6124273437500001 0.1008763890625
13 0.67531015625 0.1015625 0.663378125 0.101922221875 0.65892890625 0.10264166718750001 0.66331484375 0.40720694375 0.721559375 0.406127778125 0.7129265625000001 0.10264166718750001 0.67531015625 0.1015625
14 0.74097421875 0.1031986109375 0.7302562499999999 0.10247916718750001 0.71852578125 0.10247916718750001 0.72681796875 0.40900416718750005 0.7868828125 0.40576805625 0.77555703125 0.1042763890625 0.74097421875 0.1031986109375
20 0.6014710937500001 0.0806416671875 0.60071328125 0.047409721875 0.5373296875 0.045163889062500004 0.5380874999999999 0.074802778125 0.53379453125 0.26698333281250003 0.5350140624999999 0.41391805625 0.59162265625 0.4142791671875 0.5913703124999999 0.2688041671875 0.6014710937500001 0.0806416671875
0 0.5765625 0.63203125 0.0546875 0.0921875
4 0.3359375 0.7484375 0.06875 0.1171875